#
###    COD   #####################################################
##  COD   fleet; 1    Quarter 1  age  1 - 7  timing: 0.125 0.125 ,  1983 - 2023 
0.01     4084.900    15674.200     2360.100     1069.600      359.400      356.900      115.300    #1983
0.01    11614.300     6250.200     2368.000      475.300      375.100      164.700       96.500    #1984
0.01      619.000    16392.900     2354.300     1020.500      230.700      231.400       51.600    #1985
0.01    11572.300     3003.200     3682.300     1158.800      428.800      202.400       84.700    #1986
0.01     5728.300    17063.400      664.200      725.400      200.100      163.600       67.300    #1987
0.01     3559.200     4326.400     3558.900      286.800      317.400      185.700       86.500    #1988
0.01     8137.100     4118.600     2775.600     1068.400      156.100      218.500       76.800    #1989
0.01     1760.700     8902.700     1194.000      441.900      357.600       73.300      111.900    #1990
0.01     2689.700     2721.900     1889.500      402.700      151.300      187.100       69.300    #1991
0.01     7754.500     3555.700      726.300      505.400      113.700       56.900       86.700    #1992
0.01     3815.300    10839.000     1086.500      314.900      213.900       70.900       32.800    #1993
0.01     6506.900     2498.100     1729.400      446.200      187.200      110.700       45.200    #1994
0.01     5541.900    12842.700     1918.900      611.500      152.600       62.500       45.900    #1995
0.01     1988.400     6292.200     2544.800      399.800      231.700       63.100       48.100    #1996
0.01    11463.100     3877.500     1217.000      513.200      153.200       94.000       33.400    #1997
0.01      673.100    13096.300     1197.700      419.900      238.300       81.600       54.000    #1998
0.01     1631.900     1054.400     3694.500      303.200      172.500       67.300       88.900    #1999
0.01     2666.600     2842.400      414.200      886.400      167.300       99.700       82.000    #2000
0.01     1295.300     4968.600      811.300      141.300      134.500       43.300       34.500    #2001
0.01     3493.000     1897.800     1980.900      251.500       49.100       50.800       24.900    #2002
0.01      417.100     2356.000      526.400      475.700      139.800       32.500       43.400    #2003
0.01     3451.200     1308.000      884.200      186.900      176.500       59.600       20.700    #2004
0.01     1153.700     2064.100      472.800      315.000       68.400       89.500       27.900    #2005
0.01     3786.700     1102.000      716.300      154.200       75.800       44.200       62.900    #2006
0.01     1647.700     3917.100      736.400      224.000       79.200       51.600       42.200    #2007
0.01     1624.900     1221.300     1342.200      259.100      155.500       39.100       22.100    #2008
0.01     1027.000     1773.600      630.500      435.400      107.900       58.900       45.000    #2009
0.01     2376.800     2289.900      816.200      221.100      166.300       63.100       22.100    #2010
0.01      621.700     3617.600      816.900      319.500      139.900      104.800       25.100    #2011
0.01     1758.100     1706.500     2494.300      612.700      191.000       59.000       28.600    #2012
0.01     1345.100     2185.800      901.900      699.600      334.300       74.800       39.500    #2013
0.01     1774.200     2384.600      949.800      380.700      360.900       95.400       30.900    #2014
0.01     1162.800     4471.000     1628.700      479.900      149.100      101.200       22.600    #2015
0.01      660.100     1456.800     2207.700      758.500      288.600      102.300       80.400    #2016
0.01     4588.600     1228.500     1498.200     1143.000      504.500      101.900       50.600    #2017
0.01      394.000     3602.000      667.700      402.300      232.800      155.400       62.900    #2018
0.01      882.600      616.100     1131.700      126.100       89.600       56.100       25.400    #2019
0.01     2350.000     1355.900      319.700      323.600       62.200       17.400       32.600    #2020
0.01     1229.300     3625.200     1171.000      265.800      122.900       58.000       49.100    #2021
0.01     1030.600     1715.400     2033.300      559.000      116.500       77.200       36.600    #2022
##  COD   fleet; 2    NS cod indices Q3 & Q4   age  0 - 7  timing: 0.75 0.75 ,  1992 - 2022 
0.01     7142.948    13806.554     1589.547      412.789      204.367       68.445       44.245       31.617    #1992
0.01     6916.872     2957.390     3424.576      604.559      154.218       72.044       22.866       40.971    #1993
0.01    12914.161    16021.715     2182.682     1003.041      148.252       39.406       27.008       21.381    #1994
0.01     7373.234     8133.048     5415.734      799.973      312.907       46.844       14.940       29.125    #1995
0.01    17750.115     4027.875     2020.658      747.821      200.455      100.458       19.421       12.321    #1996
0.01      204.321    23633.773     2019.930      783.915      285.789       58.727       31.968       18.637    #1997
0.01     7796.682      724.193     6961.881      549.403      138.892       76.505       26.824       19.827    #1998
0.01     1984.662     3165.254      417.613     1409.626      125.582       29.598       12.666        7.141    #1999
0.01     1326.231     5362.687      961.568       93.817      254.237       26.723       24.171       25.351    #2000
0.01    12968.859     1512.235     1792.896      324.776       62.849       41.392       24.468       36.327    #2001
0.01      458.651     4212.915      807.551      670.724      192.295       42.369       15.162        5.164    #2002
0.01     4245.758      662.844     1040.534      224.150      168.298       79.547       61.252       26.214    #2003
0.01     1583.452     2967.801      643.478      409.008       78.168       62.341       18.169        0.000    #2004
0.01     2983.064     1063.983      692.868      204.359      101.175       23.809       33.331       10.988    #2005
0.01     2528.801     4056.231      667.624      504.398       93.925       14.549       13.719       11.700    #2006
0.01     6169.934     2194.596     2404.456      413.250      149.812       61.028       34.977       26.451    #2007
0.01      554.838     2412.759     1024.381      960.273      191.440       75.593       23.630       11.531    #2008
0.01     1260.037     1921.963      779.600      258.209      230.406       45.784       21.003       27.434    #2009
0.01      164.093     2271.916     1393.435      452.971      156.596       84.153       17.785        3.675    #2010
0.01     4039.588     1056.076     2564.718     1066.866      293.214       95.593       83.733       12.851    #2011
0.01      888.477     2221.849      900.345     1173.041      358.572       75.829       17.401       24.410    #2012
0.01      260.415     1966.628     1000.958      461.739      500.619      121.792       47.942       26.449    #2013
0.01      551.540     2475.986     1372.658      619.924      263.992      168.598       80.996       47.993    #2014
0.01       50.423     1313.060     2777.954     1035.502      384.680      113.264      109.475       45.502    #2015
0.01     3110.745      969.352     1002.335     1393.071      824.814      154.368       95.945       68.387    #2016
0.01      256.505     4621.173      539.301      451.358      396.169      210.323       40.908       44.221    #2017
0.01      197.181      671.425     1797.825      306.721      265.430      159.657       91.627       14.091    #2018
0.01     2194.597     1435.667      372.839      488.098      114.768       63.451       37.310       26.180    #2019
0.01      899.272     2764.372     1029.530      166.002      204.933       58.603       24.088       25.920    #2020
0.01     1585.736     1276.930     2153.293      604.446      153.242       99.510       15.182       19.216    #2021
0.01     2126.140     2625.070      907.785      900.152      335.116       79.502       65.057       18.815    #2022
###    WHG   #####################################################
##  WHG   fleet; 1    IBTS-Q1   age  1 - 5  timing: 0 0.25 ,  1983 - 2023 
0.001     1265.490     1211.330     1078.290      764.600      337.200    #1983
0.001     4264.680     1645.150      804.520      275.770      266.890    #1984
0.001     3243.300     3448.760      617.230      171.350       79.180    #1985
0.001     4511.210     2826.220     2126.910      348.930       93.360    #1986
0.001     6680.450     5394.590      864.300      427.620       60.500    #1987
0.001     4328.930     8312.060     2998.290      307.890      172.770    #1988
0.001    14246.010     5205.390     3945.580     1032.830      172.330    #1989
0.001     5140.320     8397.020     1991.760      988.240      201.500    #1990
0.001     9340.910     7593.030     3660.010      735.330      335.770    #1991
0.001     9983.790     4500.520     2422.590      748.050      572.830    #1992
0.001    10613.500     5507.170     1928.190      879.900      392.140    #1993
0.001     7317.270     5710.690     1921.890      677.390      135.260    #1994
0.001     6563.280     4708.950     2039.780      642.620      135.020    #1995
0.001     4795.690     4686.100     2174.360      676.080      350.570    #1996
0.001     3165.170     2610.050     1597.600      819.560      234.740    #1997
0.001     5106.860     1621.400     1175.030      484.030      220.430    #1998
0.001     6107.920     2637.800     1461.030      672.060      274.460    #1999
0.001     8133.220     4628.150     1856.780      316.600      180.810    #2000
0.001     6462.260     5632.260     2507.440      722.940      288.800    #2001
0.001     5346.860     3505.290     2588.400      484.260      123.830    #2002
0.001     1369.920     2729.260     2468.280     1263.790      443.680    #2003
0.001     1873.840      931.590     1599.230      778.430      435.270    #2004
0.001     1283.890      752.920      511.240      425.360      287.240    #2005
0.001     1931.000     1052.070      475.620      222.520      160.080    #2006
0.001      637.820     1484.840      640.500      216.890      112.140    #2007
0.001     2570.690     1993.120      556.280      183.250       94.900    #2008
0.001     2115.230     2872.650      681.160      173.080      162.200    #2009
0.001     3379.030     1960.990     1721.450      515.210      734.980    #2010
0.001     1750.990     3520.810     1350.220      707.730      188.320    #2011
0.001     2203.560     5619.760     1000.820      396.040      293.430    #2012
0.001      524.610     1629.160     2447.040      669.590      346.420    #2013
0.001     2584.560     1872.950      977.860      606.930      337.470    #2014
0.001     3240.700     2032.280      510.310      244.440      225.120    #2015
0.001     3510.090     2932.980      849.320      241.330      139.610    #2016
0.001     5651.340     2332.740     1011.600      304.870      111.480    #2017
0.001     1215.030     2304.190      736.480      327.830      120.550    #2018
0.001     2174.980     1748.850     1169.310      441.990      129.200    #2019
0.001     5190.420     2022.810      784.770      525.760      163.610    #2020
0.001     5998.720     7034.090     1129.430      384.410      154.320    #2021
0.001     3800.060     6376.460     2234.980      376.000      134.250    #2022
##  WHG   fleet; 2    IBTS-Q3   age  0 - 5  timing: 0.5 0.75 ,  1991 - 2022 
0.001     5064.710     6776.050     1477.930      858.250      297.120      168.960    #1991
0.001    13232.000     5467.960     2503.980      708.980      539.120      316.460    #1992
0.001     8780.520     6247.160     1803.150      426.000      246.010      168.960    #1993
0.001     5686.950     6932.150     2358.420      494.030      186.470      106.000    #1994
0.001     7035.070     6251.550     2730.240      711.840      209.240       89.950    #1995
0.001     2831.700     4445.690     3279.140     1266.840      347.420       99.140    #1996
0.001    19734.660     2902.460     1655.460     1191.870      264.920      202.010    #1997
0.001    25562.960     3175.980     1386.260      539.490      315.400      124.330    #1998
0.001    23859.870    11485.580     1774.660      521.270      226.220      101.790    #1999
0.001    18681.020     8953.000     3048.470      582.040      171.850       83.640    #2000
0.001    34264.580     6446.560     2677.140      844.680      219.890       80.730    #2001
0.001     2566.260     7702.710     2389.810     1275.080      343.550       75.460    #2002
0.001     3481.240     2502.330     2734.560     1192.920      675.810      188.960    #2003
0.001     6799.860     1376.880      597.370      629.300      428.410      246.490    #2004
0.001     1639.410     1451.110      810.470      313.990      428.640      315.240    #2005
0.001     1894.140     1653.460      774.830      287.420      227.680      182.640    #2006
0.001     7773.000      853.390      610.860      335.730      154.810       81.570    #2007
0.001     7281.040     3424.900      615.310      293.650      131.440       66.230    #2008
0.001     5553.080     5413.770     3361.200      504.470      131.190       88.840    #2009
0.001     4724.770     2159.520     1336.480      432.660      125.170      122.620    #2010
0.001     2311.160     4031.150     1359.940      593.040      191.410       81.840    #2011
0.001     2828.270     2493.640     2097.200      630.300      215.330      145.920    #2012
0.001     3082.750      627.080      574.570      623.920      197.600       71.720    #2013
0.001    19385.130     2072.740      908.340      580.200      329.220       97.470    #2014
0.001    19307.370     2925.950     2093.400      538.750      264.790      175.640    #2015
0.001     9004.840     2751.910     2226.210      663.140      200.380       89.300    #2016
0.001     1709.930     8764.210     1926.150      825.200      259.550      114.020    #2017
0.001     1687.350     2363.340     2842.330      807.410      316.750      209.920    #2018
0.001    13649.040     4284.680     1461.170      831.310      219.630      149.700    #2019
0.001    12224.300    14486.730     2086.070      594.040      424.130      345.800    #2020
0.001     6020.500    11442.350     4036.710      633.390      203.970      101.660    #2021
0.001    19897.930     4953.510     3752.960     2512.700      707.810      196.220    #2022
###    HAD   #####################################################
##  HAD   fleet; 1    delta-GAM NS-WC Q1   age  1 - 8  timing: 0 0.25 ,  1983 - 2023 
1e-05      325.505      402.024       67.619       66.386       10.906        2.260        0.208        0.405    #1983
1e-05     1714.592      221.611      114.474       18.116       14.755        2.562        0.496        0.176    #1984
1e-05      351.860      786.099      112.236       32.982        4.590        3.992        0.670        0.305    #1985
1e-05      733.004      188.244      272.979       20.192        6.915        1.183        1.082        0.193    #1986
1e-05     1129.966      239.722       54.999       47.185        3.307        1.309        0.192        0.564    #1987
1e-05      178.960      429.303       78.457       12.606        7.902        0.822        0.198        0.504    #1988
1e-05      187.130       75.085      173.193       14.012        2.002        2.968        0.293        0.167    #1989
1e-05      269.381       83.152       34.283       33.044        2.676        0.529        0.839        0.101    #1990
1e-05      747.298      144.295       30.937        7.887        6.674        1.300        0.114        0.269    #1991
1e-05     1066.304      304.976       35.572        3.054        2.011        1.207        0.166        0.194    #1992
1e-05     1732.563      516.788      137.072       14.590        0.881        0.335        0.737        0.406    #1993
1e-05      324.785      481.937      108.171       20.043        2.549        0.579        0.048        0.465    #1994
1e-05     2145.205      200.031      155.901       23.490        5.607        0.815        0.201        0.272    #1995
1e-05      724.691      655.351       80.305       38.628        5.543        1.320        0.218        0.087    #1996
1e-05     1227.632      347.168      250.739       22.398        9.783        1.900        0.554        0.098    #1997
1e-05      465.673      363.685       98.113       64.294        7.052        2.694        0.928        0.305    #1998
1e-05      228.868      167.119      102.166       25.100       16.059        1.803        0.964        0.461    #1999
1e-05     5703.606      129.222       48.353       18.217        5.222        3.320        0.593        0.339    #2000
1e-05     1020.772     1565.046       80.575       12.128        4.780        1.845        0.980        0.480    #2001
1e-05       99.614      473.011      600.529       14.354        5.096        1.623        1.040        0.469    #2002
1e-05       96.646       77.021      236.464      212.299        3.942        1.252        0.800        0.682    #2003
1e-05       70.900       85.171       40.224       89.717       72.228        1.112        0.581        0.405    #2004
1e-05       75.876       49.803       33.617       11.020       25.386       26.211        1.282        0.549    #2005
1e-05      394.193       50.299       25.688        8.846        4.007        7.742       10.218        1.119    #2006
1e-05       96.829      305.922       25.568        8.253        3.312        1.609        3.849        5.550    #2007
1e-05       74.949       71.870      143.289        8.949        2.442        1.051        0.739        3.209    #2008
1e-05       59.396       51.801       40.907       44.196        2.651        0.891        0.599        1.511    #2009
1e-05      400.722       46.735       31.937       13.822       19.547        1.525        0.531        0.902    #2010
1e-05       40.261      258.535       38.118       11.234        7.828       12.318        0.367        0.534    #2011
1e-05       26.353       37.902      173.637       12.644        7.193        3.929        4.744        0.421    #2012
1e-05       62.934       20.556       20.981       51.431        5.313        2.915        1.386        2.725    #2013
1e-05       61.156       29.696       11.289        8.959       20.599        1.535        1.000        1.719    #2014
1e-05      484.174       39.263       18.813        3.577        4.899       11.178        0.601        1.188    #2015
1e-05      121.166      209.838       18.689        4.531        1.556        1.032        5.208        0.350    #2016
1e-05      170.847       87.281      106.561        6.641        1.994        0.478        0.511        2.145    #2017
1e-05       77.914       90.260       41.943       29.144        1.773        0.663        0.114        0.950    #2018
1e-05      286.386       38.059       37.966        7.715       10.689        0.584        0.207        0.253    #2019
1e-05      389.249      123.292       20.689       12.292        3.508        5.618        0.139        0.175    #2020
1e-05      896.763      463.775       61.746        6.719        6.828        1.549        3.388        0.124    #2021
1e-05      271.673     1060.108      603.589       16.317        6.655        3.449        0.590        2.010    #2022
##  HAD   fleet; 2    delta-GAM NS-WC Q3+Q4   age  0 - 8  timing: 0.5 1 ,  1991 - 2022 
1e-05     2311.854      496.562       53.204        4.880        1.743        4.905        0.216        0.075        0.289    #1991
1e-05     4401.822     1319.345      207.527       11.952        1.530        0.571        1.530        0.063        0.147    #1992
1e-05      691.348     1236.441      259.717       40.691        2.312        1.136        0.088        0.299        0.071    #1993
1e-05     2259.163      464.687      295.789       40.151       11.739        0.885        0.080        0.013        0.188    #1994
1e-05     1942.958     1910.875      159.979       89.509       10.845        4.530        0.801        0.000        0.444    #1995
1e-05      852.147      595.633      431.772       44.355       24.025        3.712        0.906        0.092        0.050    #1996
1e-05      446.233      743.007      186.238      152.725        9.388        6.306        1.156        0.500        0.067    #1997
1e-05      380.617      280.713      186.115       46.249       29.121        2.901        1.968        0.253        0.194    #1998
1e-05     6360.111      213.145       89.805       45.856       11.229        9.110        0.821        0.612        0.304    #1999
1e-05     1440.603     4261.470       59.578       18.549        8.179        2.885        2.310        0.189        0.149    #2000
1e-05       87.539      734.353     1328.959       35.709        8.542        4.089        1.556        0.863        0.108    #2001
1e-05      178.369      116.641      309.596      526.264       10.989        4.080        2.161        0.540        0.422    #2002
1e-05      104.351      165.423       71.581      154.194      125.565        3.005        1.424        0.391        0.218    #2003
1e-05      129.343      102.649       87.656       28.921       52.728       70.387        1.589        0.525        0.340    #2004
1e-05      384.733       83.101       49.063       23.503        9.897       18.539       13.386        0.278        0.186    #2005
1e-05      183.413      217.837       36.210       12.131        7.363        4.412        6.238        6.575        0.183    #2006
1e-05      151.275      101.732      251.413       18.158        8.328        2.662        1.410        1.992        2.085    #2007
1e-05       87.663       59.113       50.453       95.585        6.020        3.891        2.199        0.724        1.827    #2008
1e-05      346.939       39.032       37.814       22.142       32.633        2.002        1.418        0.690        0.522    #2009
1e-05       43.425      360.616       46.937       28.366       14.096       23.665        1.266        0.433        0.429    #2010
1e-05       39.713       39.106      296.259       28.520       12.706        6.516       11.678        0.456        0.356    #2011
1e-05       95.486       26.243       27.069      133.510        7.148        4.881        3.297        4.216        0.215    #2012
1e-05      106.412       31.641       19.100       12.047       52.153        2.900        2.425        0.864        2.096    #2013
1e-05     1610.905       51.808       25.590        7.417        5.861       30.057        1.433        0.777        1.178    #2014
1e-05      214.904      496.622       48.038       13.094        2.576        3.715       13.825        0.673        0.605    #2015
1e-05      337.948      109.132      228.319       17.061        4.016        1.052        1.643        4.338        0.321    #2016
1e-05      125.983      162.933       98.604      107.355        6.027        1.626        0.392        0.703        1.644    #2017
1e-05      387.858       53.968       62.475       30.327       38.513        1.542        0.827        0.056        0.336    #2018
1e-05     1302.672      270.783       28.335       29.693       12.442       18.090        0.663        0.054        0.096    #2019
1e-05     1563.514     1260.710      138.349       19.689       16.233        5.330       10.250        0.172        0.074    #2020
1e-05      338.184      919.877      666.426       61.690        9.938        8.177        2.346        3.444        0.102    #2021
1e-05      851.116      308.385      658.324      389.156       31.620        5.466        3.883        0.467        1.505    #2022
###    POK   #####################################################
##  POK   fleet; 1    DATRAS Q3-4 3-8  age  3 - 8  ,  1992 - 2022 
1.00E-05	1.3172	0.9118	0.1863	0.047	0.0461	0.051		 #1992
1.00E-05	4.067	0.7829	0.3207	0.0761	0.02	0.035		 #1993
1.00E-05	1.125	0.6825	0.1773	0.1337	0.0285	0.0138		 #1994
1.00E-05	3.6362	0.844	0.319	0.0779	0.0679	0.0288		 #1995
1.00E-05	1.8786	2.2591	0.2126	0.1345	0.0435	0.0112		 #1996
1.00E-05	2.0495	1.0419	1.4333	0.1431	0.1192	0.0465		 #1997
1.00E-05	1.3481	2.4046	0.6334	0.6776	0.0791	0.0823		 #1998
1.00E-05	1.4534	0.6833	1.058	0.1783	0.161	0.0366		 #1999
1.00E-05	2.0509	3.7929	0.4679	0.326	0.063	0.067		 #2000
1.00E-05	8.5182	2.6604	1.6429	0.1924	0.2079	0.0533		 #2001
1.00E-05	3.4865	4.5178	0.6133	0.4874	0.0825	0.1079		 #2002
1.00E-05	5.3786	4.258	1.8038	0.1641	0.1372	0.0638		 #2003
1.00E-05	2.2813	1.9972	1.3107	0.4623	0.0544	0.0508		 #2004
1.00E-05	4.048	2.0548	1.2557	0.5146	0.2642	0.0397		 #2005
1.00E-05	2.6478	5.0179	0.9268	0.4247	0.193	0.1128		 #2006
1.00E-05	4.6299	0.9073	1.6079	0.2895	0.172	0.0851		 #2007
1.00E-05	1.7985	1.6293	0.3055	0.618	0.1468	0.126		 #2008
1.00E-05	1.3161	0.844	0.3265	0.0659	0.1052	0.0676		 #2009
1.00E-05	3.8555	1.0647	0.4374	0.2138	0.0402	0.1292		 #2010
1.00E-05	4.3991	3.2558	0.5856	0.3756	0.1239	0.0257		 #2011
1.00E-05	5.2434	1.4423	1.4597	0.2858	0.2148	0.1241		 #2012
1.00E-05	3.9135	4.3326	0.6223	0.6475	0.1635	0.0773		 #2013
1.00E-05	1.8673	1.6698	1.1603	0.2133	0.2534	0.0563		 #2014
1.00E-05	3.6437	2.1069	2.1039	0.6713	0.1344	0.1489		 #2015
1.00E-05	5.8781	3.9397	1.3438	1.0154	0.3674	0.1016		 #2016
1.00E-05	5.2697	6.0236	1.5944	0.4636	0.3193	0.1564		 #2017
1.00E-05	1.0451	1.9829	1.7995	0.4682	0.1239	0.0581		 #2018
1.00E-05	0.5666	0.7245	0.8465	0.3506	0.0965	0.0362		 #2019
1.00E-05	0.8431	1.4795	0.8133	0.4854	0.2657	0.0751		 #2020
1.00E-05	1.1779	0.4959	0.3941	0.1937	0.1184	0.0634		 #2021
1.00E-05	1.7013	1.0425	0.4752	0.2523	0.16	0.1133		 #2022
# 1E-5	        1.2153	3.1006	0.5922	0.1393	0.0779	0.042		 #2023

##  POK   Stock number with lnorm dist 0.5  error, age  3 - 9  timing: 0 0
#1       158605        78029        72925        50762        33383        21643         3095    #1974
#1       461230        39809       125385        32682        20384        16767        33401    #1975
#1       287455       113172        40691        25428        30274        11828         6606    #1976
#1        73462       348235        29640         6476         4575        11900        10436    #1977
#1       158101        86299        49280        30848         2360         4540         2374    #1978
#1        84997        85677        46761        14639         5367         4970         3465    #1979
#1        79369        37726        15363        11968        15731         2006         1317    #1980
#1       368532        69465        29242         9918        10673         5558         2473    #1981
#1       132427       257210        47151         7963         6438         9125         4102    #1982
#1       225865        77789       153927        15690        13077         2646         2387    #1983
#1       138056        35240        56437        16688         3097         3603         1187    #1984
#1       203149       141301        30766        11217        10653         1970         1828    #1985
#1       204365       102735         9991         4185         1882         2936         2767    #1986
#1       204746       159804        23102         8023         3995         3514         2174    #1987
#1       187069       113135       105093        10947         3899         1764         1225    #1988
#1        60029       208203        28099        16582         4806         1547         1687    #1989
#1        83736        86216        24143         7389         8111         1688          451    #1990
#1       155718        90079         9426         8190         3497         3166          832    #1991
#1       109228        49729        30458         7693         3489         2528         1984    #1992
#1        59290        21294        47635        10618         5311         2746         1344    #1993
#1       143304        71447        31981        20944         2547          740         2393    #1994
#1       144404       115454        56046        14860         8186          548          606    #1995
#1        55232       177825        26653        11964        10562         1450         1117    #1996
#1       469683        38348        85465        19269         7252         2847          686    #1997
#1        85411        46758        44288        68226         6531         5558         2267    #1998
#1       103394        62339       284650        16069        43518         2746         1656    #1999
#1       118459        48160        28132        92751        25069        10358         1414    #2000
#1       328095        82637       103517        13759        17923         6243         7222    #2001
#1       251893       166335        59359        30751        10325         9266         2658    #2002
#1       124081        54147       104911        26123        29534         4068         4531    #2003
#1        99845        91586        79554        30316         7743        18036         2123    #2004
#1        81977        52755        80397        38780        21507         5202         5741    #2005
#1        94462       183843        48955        43206        46080        15311         1834    #2006
#1        87513        41355       107249        25324        12460        11172         8527    #2007
#1        57706       108796        30044        42747        13412         6825         3221    #2008
#1        82067       158344        61454        37079        23443        10687        11305    #2009
#1       202376        28651        10379        33072        13865        10641         6569    #2010
#1        73359        66206        18951        14024         5782         5512        11378    #2011
#1       116478        70161        49627         7766         3516         3467         5178    #2012
#1        55174        35516        60167        37570         6824         4538         2568    #2013
#1        56265        18131        21399        12098        16900         1919         1949    #2014
#1        76878        70576        27966        27912         2188        19584         4547    #2015
#1       176257        47190        47428        20543        10877         9982         2273    #2016
#1        56564        69127        25709        12404         7299         2892         4573    #2017
#1        80563        38174       101304        14606         4071         3290         4612    #2018
#1        36535        32007        67460        10391         6985         5032         2355    #2019
#1        41869        25909        27641        28332         6967         9155         3762    #2020
#1        31510        35726        13163        11289        17894         7573         4554    #2021
#1        77893        24934        31771        26964        10476        10932          718    #2022
# Exploitable biomass no age info, 2000 2022, 1 1,  0.1 0.95, -1 -1
1.00E-05	1		 #2000
1.00E-05	1.245297	 #2001
1.00E-05	1.01363		 #2002
1.00E-05	0.908575	 #2003
1.00E-05	1.066083	 #2004
1.00E-05	1.173655	 #2005
1.00E-05	1.139978	 #2006
1.00E-05	1.04881		 #2007
1.00E-05	1.10065		 #2008
1.00E-05	0.957494	 #2009
1.00E-05	0.892295	 #2010
1.00E-05	0.98482		 #2011
1.00E-05	0.957456	 #2012
1.00E-05	0.99558		 #2013
1.00E-05	0.845298	 #2014
1.00E-05	1.022225	 #2015
1.00E-05	0.948183	 #2016
1.00E-05	1.039577	 #2017
1.00E-05	1.072601	 #2018
1.00E-05	0.908306	 #2019
1.00E-05	0.826527	 #2020
1.00E-05	0.736017	 #2021
1.00E-05	0.855695	 #2022
# 1E-5	        0.856983	 #2023
###    MAC   #####################################################
# mac fleet 1  SSB-egg-based-survey,		1992	2022								
1	3874476.93
1	-1
1	-1
1	3766378.516
1	-1
1	-1
1	4198626.531
1	-1
1	-1
1	3233833.244
1	-1
1	-1
1	3106808.703
1	-1
1	-1
1	3782966.707
1	-1
1	-1
1	4810751.571
1	-1
1	-1
1	4831948.353
1	-1
1	-1
1	3524054.85
1	-1
1	-1
1	3087517.078
1	-1
1	-1
1	3563500.000
##  MAC   fleet; 2    Recruitment_index  age  0 - 0  timing: 0 0 ,  1998	2022								
1e-9	0.010864743
1e-9	0.01620321
1e-9	0.011533235
1e-9	0.017866817
1e-9	0.022812264
1e-9	0.011024186
1e-9	0.025714749
1e-9	0.033349294
1e-9	0.030346953
1e-9	0.019732337
1e-9	0.017922417
1e-9	0.012704437
1e-9	0.019501867
1e-9	0.03280643
1e-9	0.023792277
1e-9	0.02608089
1e-9	0.019404049
1e-9	0.021441518
1e-9	0.037627731
1e-9	0.038158683
1e-9	0.033925745
1e-9	0.038052761
1e-9	0.03168093
1e-9	-1
1e-9	0.025707856
# MAC fleet 3, Swept-idx	,2010	2023,	1	1	0.58	0.75		ages 3	10+								
1	1617005	4035646	3059146	1591100	691936	413253	198106	90550
1	-1	-1	-1	-1	-1	-1	-1	-1
1	1283247	2383260	2164365	2850847	1783942	740361	299490	233626
1	9201746	2456618	3073772	3218990	2540444	1087937	377406	291521
1	7034162	4896456	2659443	2630617	2768227	1910160	849010	475049
1	2539963	6409324	4802298	1795564	1628872	1254859	727691	342972
1	1374705	2635033	5243607	4368491	1893026	1658839	1107866	1205093
1	3562908	1953609	3318099	4680603	4653944	1754954	1944991	1133952
1	496595	2384310	1200541	1408582	2330520	1787503	1049868	1056868
1	3814661	1211770	2920591	2856932	1948653	3906891	3824410	2747938
1	1430995	3361778	2134411	2528651	2525460	2032783	2904239	5331128
1	709444	1220543	1527964	367017	1291607	811226	1051955	1897278
1	2355905	944385	1307793	1043409	598182	956129	995936	3467759
#1	3539644	1703188	549158	460261	786940	321450	483156	837714 # 2023
#
##  MAC   Stock number with lnorm dist 0.3  error, age  1 - 9  timing: 0 0.01 
1      3931816      1029179       814074      1734102      2288963      3813531       763247       413889      1083706    #1980
1      3829838      4287732      1164390       864072      1605624      4620818      2470043       578270       256605    #1981
1      6236606      4469268      2727762       956704       312745      1096102      1076935      1583491       323018    #1982
1      3037687      5722769      4963654      4862992       899024       383266       488508      1149772       998863    #1983
1      2585098      1326742      5497208      5457955      3277195       660426       279399       426678      1183549    #1984
1      7146223      2567678      1461659      2641717      2964207       837924       508170        95425       421306    #1985
1      2592460      4113359      1446007       780103      2285123      2497823      1297682       444853       109371    #1986
1      3327709      2906034      3652296       769099       710228      2565993      1139233       924400       241498    #1987
1      4203216      1736849      2391339      3699205       727201       562290      1653622      1145635       452456    #1988
1      3707352      2286322      2629209      2227315      2465418       481636       318973       833312       685540    #1989
1      2068572      2095973      5942378      1900419       965743      1862671       164343       275929       702959    #1990
1      1650846      5808394      2468404      2503769      1011554       736579      1193766       128431       346845    #1991
1      3237837      1810812      3203576      2568080      2245617       952800       334715       988503        71249    #1992
1      3187026      2192460      2337100      3142386       787467      1120834       427063       305268       253779    #1993
1      3003655      3454689      1429881      1120235      1073335       533574       395098       462870       197622    #1994
1      2775456      2000512      2286872      2072218       801344      1006550       224994       332786       193665    #1995
1      2727647      1949445      2212117       896622       847585       338126       648109       174273       290921    #1996
1      2704348      1930002      3862228      1423839      1372290      1037888       156644       589351       170147    #1997
1      4290144      1414450      1030249      1157902      1885904       937776       534610       346955       335552    #1998
1      3306142      1655092      2558745      1488578      1067834       884580       733888       374771       186646    #1999
1      3556159      2709934      1927089      1816378      1174212       747876       408352       297980       162568    #2000
1      1264947      1831313      2152019       637659      1285256       641952       759244       395679       171254    #2001
1      5308569       954035      2573884      1950581       958231       580802       477742       424244       219878    #2002
1      8518420      3996271      1217341      1583904      1186703       519173       410658       190852       226106    #2003
1      2828974      6493242      4030873      1422701       677418       842267       194141       177751       128217    #2004
1      2749136      1446845      7981175      1800724       456170       737375       146842       121970        66957    #2005
1      8139767      3382275      1481400      3451402      1110314       348594       246800       194839        80386    #2006
1      5742780      8505521      2931309      1756169      2388896       558656       398497       135535        84812    #2007
1      6421286      4840755      4740522      2183678      1077939      1109036       347648       220339        86310    #2008
1      4328540      4144991      7663542      3668740      1395413      1031827      1442828       335948       124147    #2009
1      6674043      4703864      3658235      5181986      3167489      1100507       763341       454135       187896    #2010
1      4611290      4194837      4866127      4869279      4595622      1997774      1076975       370198       333487    #2011
1      6809286      5372052      3180116      3286357      4030891      4023336      2183284      1031262       405498    #2012
1      6010805     14306803      7769796      1800869      4656679      3388987      2710635       717798       476869    #2013
1      4246724      4795369      6543126      4603449      3248267      1496602      3319832      2277221       762807    #2014
1      7742012      4571074      3491287      5084315      6873474      2156267      3410982      4840032      1301313    #2015
1      2862091      8441120      2550390      2442633      3309671      6725169      1614443      1882607      1332375    #2016
1      6733532      2994276      4059789      2731161      2336051      4941418      4700670      1535591      2133250    #2017
1      2746081      5888882      1045188      4016182       926147      1256484      4524762      2289584       746001    #2018
1      4060658      3093455      6949456       955640      2390724      1394383      1123820      1625501      1921250    #2019
1      5851521      3119400      1995781      3496289       961276      1245345       985360       886240      1627943    #2020
1      3610678      5408316      1594210       947496      1755750       441719      2426777       474402       552203    #2021
1      2612606      4148727      4794828       835928      1024590      1409358       483623       778581      1254282    #2022
#1      3259522      2527640      4920896      2335509       749783       676220       672795       703797       519203    #2023
#1      5355005      2185824      1847528      2219604      2078606       316202       381189       308686       394820    #2024
###    HER   #####################################################
##  HER   fleet; 1    HERAS   age  1 - 8  timing: 0.54 0.56 ,  1989 - 2022 
1           -1      4090000      3903000      1633000       492000       283000       120000        66000    #1989
1           -1      3306000      3521000      3414000      1366000       392000       210000       176000    #1990
1           -1      2634000      1700000      1959000      1849000       644000       228000       145000    #1991
1           -1      3734000      1378000      1147000      1134000      1246000       395000       218000    #1992
1           -1      2984000      1637000       902000       741000       777000       551000       296000    #1993
1           -1      3185000       839000       399000       381000       321000       326000       350000    #1994
1           -1      3849000      2041000       672000       299000       203000       138000       212000    #1995
1           -1      4497000      2824000      1087000       311000        99000        83000       339000    #1996
1      9361000      5960000      2935000      1441000       601000       215000        46000       237000    #1997
1      4449000      5747000      2520000      1625000       982000       445000       170000       166000    #1998
1      5087000      3078000      4725000      1116000       506000       314000       139000       141000    #1999
1     24736000      2923000      2156000      3140000      1007000       483000       266000       217000    #2000
1      6837000     12290000      3083000      1462000      1676000       450000       170000       157000    #2001
1     23055000      4875000      8220000      1390000       794600      1031000       244400       270500    #2002
1      9829400     18949400      3081000      4188900       675100       494800       568300       323200    #2003
1      5183700      3415900      9191800      2167300      2590700       317100       327600       527650    #2004
1      3114100      2055100      3648500      5789600      1212900      1174900       139900       233200    #2005
1      6822800      3772300      1997200      2097500      4175100       618200       562100       154700    #2006
1      6261000      2750000      1848000       898000       806000      1323000       243000       217000    #2007
1      3714000      2853000      1709000      1485000       809000       712000      1749000       455000    #2008
1      4655000      5632000      2553000      1023000      1077000       674000       638000      1720000    #2009
1     14577000      4237000      4216000      2453000      1246000      1332000       688000      2729000    #2010
1     10119000      4166000      2534000      2173000      1016000       651000       688000      1737000    #2011
1      7437000      4719000      4067000      1738000      1209000       593000       247000       696000    #2012
1      6388000      2683000      3031000      2895000      1546000       849000       464000       842000    #2013
1     11634000      4918000      2827000      2939000      1791000      1236000       669000       461000    #2014
1      6714000      9495000      2831000      1591000      1549000       926000       520000       496000    #2015
1      9034000     12011000      5832000      1273000       822000       909000       395000       366000    #2016
1      3054000      1761000      6095000      3142000       787000       365000       298000       293000    #2017
1      9938000      4254000      1692000      5150000      2440000       719000       529000       404000    #2018
1     10146000      1303000      2345000      1212000      3506000      1657000       395000       424000    #2019
1      7130000      2736000      1156000      1371000      1674000      1666000       504000       352000    #2020
1      5196000      2803000      1800000       773000       877000       915000      1021000       596000    #2021
1      3711000      3814000      3043000      1743000       822000       662000       718000       868000    #2022
##  HER   fleet; 2    IBTS-Q1   age  1 - 1  timing: 0.1008259 0.1008259 ,  1984 - 2023 
0.01   1070764.62    #1984
0.01   1465722.63    #1985
0.01   1688359.41    #1986
0.01   3199709.61    #1987
0.01   1505429.53    #1988
0.01   1612780.66    #1989
0.01    763222.58    #1990
0.01   1094231.56    #1991
0.01   1142297.45    #1992
0.01   1866526.98    #1993
0.01   2748908.07    #1994
0.01   2150928.40    #1995
0.01   1263540.21    #1996
0.01    834461.79    #1997
0.01   1482507.68    #1998
0.01    722081.74    #1999
0.01   2085203.65    #2000
0.01   1598455.03    #2001
0.01   1770396.24    #2002
0.01   1357940.93    #2003
0.01    783839.91    #2004
0.01    925979.84    #2005
0.01    745246.83    #2006
0.01    883565.89    #2007
0.01    731055.15    #2008
0.01    725167.86    #2009
0.01    878614.94    #2010
0.01   1528358.32    #2011
0.01    798514.78    #2012
0.01    502557.96    #2013
0.01   1658630.15    #2014
0.01   1941522.04    #2015
0.01    556770.39    #2016
0.01   1373951.16    #2017
0.01    678384.47    #2018
0.01    979983.56    #2019
0.01   1145966.43    #2020
0.01   1230685.37    #2021
0.01    646976.02    #2022
0.01   1525724.60    #2023
##  HER   fleet; 3    IBTS0   age  0 - 0  timing: 0.08 0.17 ,  1992 - 2023 
1e-05       163.02    #1992
1e-05       195.76    #1993
1e-05       155.66    #1994
1e-05       171.25    #1995
1e-05       105.60    #1996
1e-05       133.50    #1997
1e-05        51.72    #1998
1e-05       255.17    #1999
1e-05       110.60    #2000
1e-05       341.54    #2001
1e-05       150.70    #2002
1e-05        72.44    #2003
1e-05        43.11    #2004
1e-05        68.73    #2005
1e-05        67.28    #2006
1e-05        50.76    #2007
1e-05        39.49    #2008
1e-05        92.36    #2009
1e-05        56.53    #2010
1e-05        77.62    #2011
1e-05        65.10    #2012
1e-05        61.55    #2013
1e-05       113.75    #2014
1e-05        21.76    #2015
1e-05        81.71    #2016
1e-05        27.83    #2017
1e-05       102.15    #2018
1e-05        51.63    #2019
1e-05        62.39    #2020
1e-05        92.97    #2021
1e-05        48.02    #2022
1e-05        90.84    #2023
###    NSA   #####################################################
##  NSA   fleet; 1    NSA_dregde  age  0 - 1  timing: 0.7 0.9 ,  2004 - 2022 
1e-04       102390        33062    #2004
1e-04       748636        31360    #2005
1e-04       188491         5120    #2006
1e-04       102786        36990    #2007
1e-04        63968        28986    #2008
1e-04       231523        45651    #2009
1e-04        12870        85972    #2010
1e-04        10967         7245    #2011
1e-04       138212         2090    #2012
1e-04       255741         6259    #2013
1e-04       246866        21801    #2014
1e-04         7852        67049    #2015
1e-04      1054676         9726    #2016
1e-04        14448       110846    #2017
1e-04       476950       109046    #2018
1e-04       463553       117761    #2019
1e-04       295052       159066    #2020
1e-04       137553        42321    #2021
1e-04        95841        19020    #2022
# NSA  Quarter: 2 efort age 1-3, fleet 16
        1646E-04    #  6029324      1288816        94407    #1983
        2180E-04    # 11098642      1563105       144948    #1984
        1655E-04    #  1892634      2317914       705513    #1985
        4215E-04    # 39627488      4304816       331140    #1986
        5410E-04    # 34970477     14468842       466522    #1987
        6874E-04    #  7285616     19163648       975112    #1988
       10353E-04    # 59249103      2320357      3539617    #1989
        4738E-04    # 13275853      3959145       585714    #1990
        6743E-04    # 35475256      1985021       769598    #1991
        3765E-04    # 16195811      6654869       797403    #1992
        4855E-04    # 19688312      1605711       557734    #1993
        6546E-04    # 59247774     10256848      6183109    #1994
        7089E-04    # 48107253      4384782       775975    #1995
        4378E-04    #  9294970      4893500       865931    #1996
        7699E-04    #103888913      2456336      2818487    #1997
        8175E-04    #  6103426     33839813      1920655    #1998
        2733E-04    #  7364747      1819678      2718020    #1999
        5415E-04    # 30452399      4753817       628286    #2000
        2170E-04    #  8735845      3134460       194607    #2001
        3111E-04    # 23693804      3334045      1099961    #2002
        1332E-04    #  1454793      1186209       162694    #2003 , fleet 17
        2235E-04    #  8489343       680760       271791    #2004
         699E-04    # 2701901       513919        33386    #2005
         426E-04    #  1864313       253317        49523    #2006
        1527E-04    # 12229013       716895       109331    #2007
        1687E-04    #  6200990      2205635       423865    #2008
         358E-04    #  3435911       201065        11725    #2009
        1515E-04    #  5657124      1568469       344849    #2010
        1036E-04    #   668312      5538821       354370    #2011
         635E-04    #   135390       205982      1100771    #2012
         710E-04    #  4331047       926315       125998    #2013
        1625E-04    # 11054318      3499315       372746    #2014
        1742E-04    #  8907895      2001328       253278    #2015
         682E-04    #   445079      2487658       238788    #2016
        2360E-04    # 33556605       472176       580695    #2017
        1925E-04    #   748975      8491657       299707    #2018
        2185E-04    #  6985213       914493      4336745    #2019
        4445E-04    # 27759824      2184727       474852    #2020
        2576E-04    #  3287822      5510267      1105289    #2021
        3195E-04    #  7639447      2098874      1300831    #2022
# NSA Commercial, old North&south assessment, 2 half year, fleet 18
 # First and last year: 1976 2004
 # First and last age: 0 0
 2.40E-5 6126                                  #1976 
 4.20E-5 3067                                  #1977 
 1.90E-5 7820                                  #1978 
 4.80E-5 44203                                 #1979 
 2.40E-5 8349                                  #1980 
 2.30E-5 9128                                  #1981 
 0.40E-5 6530                                  #1982 
 0.60E-5 7911                                  #1983 
 0.600E-5 200  # org 0                         #1984 
 0.400E-5 349                                  #1985 
 2.700E-5 7105                                 #1986 
 1.830E-5 455                                  #1987 
 2.430E-5 13196                                #1988 
 2.350E-5 3380                                 #1989 
 2.260E-5 12107                                #1990 
 2.470E-5 13616                                #1991 
 0.710E-5 6797                                 #1992 
 2.950E-5 26960                                #1993 
 1.730E-5 457                                  #1994 
 1.490E-5 4046                                 #1995 
 3.270E-5 31817                                #1996 
 2.190E-5 2431                                 #1997 
 3.340E-5 35220                                #1998 
 3.050E-5 33653                                #1999
 0.30E-5 200  # org 0                          #2000
 2.11E-5 46385                                 #2001
 0.29E-5 200  # org 0                          #2002
 1.34E-5 7510                                  #2003
 1.04E-5 2961                                  #2004
 ############################################################################
#      1      half      year.      Norwegian      acoustic      survey           
 #effort       age 1     age 2     age 3     age 4
1e-04 8436.308075 4617.717834 1134.758592 96.77966739 # 2009
1e-04 16231.98074 6460.472072 1529.583612 953.6028515 # 2010
1e-04 953.9135083 8677.020656 884.7813145 232.4045504 # 2011
1e-04 168.0344297 328.9784177 3676.769584 541e-04500965 # 2012
1e-04 2153.534992 285.1778534 76.16270599 650.2739205 # 2013
1e-04 21957.69411 1892.034887 189.0281973 2910.959626 # 2014
1e-04 9514.132265 2230.45814 703.4408232 807.6333105 # 2015
1e-04 74.11159379 4887.004566 603.8751312 931.0715275 # 2016
1e-04 35207.50035 121.6157797 3614.402712 1187.821353 # 2017
1e-04 1657.810641 17448.76323 86.20764014 429.6874647 # 2018
1e-04 11257.11548 725.6261993 15438.33986 1055.266112 # 2019
1e-04 41473.34803 10152.86644 546.5609494 10270.08503 # 2020
1e-04 14837.60941 12843.11561 2791.185392 4357.891516 # 2021
1e-04 4810.194083 5035.198466 5601.625142 2143.562132 # 2022
#1e-04 2120.75659 1366.841871 1395.163083 3645.257703 # 2023                               
###    SSA   #####################################################
##  SSA   fleet; 1    SSA_drgde  age  0 - 1  timing: 0.7 0.9 ,  2004 - 2022 
1e-08       0.2561       0.5133    #2004
1e-08       0.2702       0.6603    #2005
1e-08       0.3922       0.3199    #2006
1e-08       0.3966       0.4038    #2007
1e-08       0.2371       0.1863    #2008
1e-08       0.1419       0.1853    #2009
1e-08       0.4124       0.1383    #2010
1e-08       0.1631       0.1804    #2011
1e-08       0.2118       0.2463    #2012
1e-08       0.2001       0.1838    #2013
1e-08       0.1861       0.1513    #2014
1e-08       0.2958       0.1211    #2015
1e-08       0.1440       0.1494    #2016
1e-08       0.1054       0.1238    #2017
1e-08       0.1280       0.1427    #2018
1e-08       0.1175       0.1507    #2019
1e-08       0.1003       0.1154    #2020
1e-08       0.1076       0.1314    #2021
1e-08       0.1539       0.2147    #2022
# SSA  Quarter: 2 efort age1-3 
        8604E-04   #   2214067     34747565       926496    #1983
        9121E-04   #  53006259      1913726     11252670    #1984
       10398E-04   #   7219313     36421852      2307585    #1985
        7762E-04   #  53190517      8940064      1955525    #1986
        4893E-04   #   4995626     26144657      1329564    #1987
        9062E-04   #   2402363     10302856     18320961    #1988
       10333E-04   #  74548159      7590010      1605224    #1989
        9932E-04   #  20421101     16870002      2496598    #1990
        5807E-04   #  19178231      8819424      1262103    #1991
        9336E-04   #  61080742     10144524      1014351    #1992
        5415E-04   #   4513262     12530958      3706323    #1993
        3543E-04   #  25064278      3382721      2707727    #1994
        6077E-04   #  41891595      8308767      1239882    #1995
        5572E-04   #  12965669     15349157      5530360    #1996
        5010E-04   #  50599058      2964393      4830122    #1997
        7458E-04   #  12337820     37120415      2799468    #1998
        8858E-04   #  43410382      6089509     11838604    #1999
        6737E-04   #  36756242      3734271       880411    #2000
        9061E-04   #  62093399     12773701      1596988    #2001
        8494E-04   #  85218686     11433821      1621124    #2002
        7483E-04   #   7642088     15748692      3787658    #2003  #new fleet
        7984E-04   #  35729861      1274303      2802601    #2004
        3782E-04   #  11901756      4532193       333445    #2005
        4437E-04   #  34513922      2768688       875292    #2006
        1677E-04   #  10496750      4585780       330604    #2007
        2959E-04   #  27643814      4285058      1332676    #2008
        3556E-04   #  17493053     13446256      1540188    #2009
        3082E-04   #  45541974      2275243      1112248    #2010
        3659E-04   #   1987912     33260078      1645516    #2011
         946E-04   #    643665       547250      3666530    #2012
        4101E-04   #  19318880      7842917      2495875    #2013
        2440E-04   #   9053914      3543895       407260    #2014
        2703E-04   #  28126684      2397689      1109328    #2015
         401E-04   #    325581      1591932       207240    #2016
        2859E-04   #  36925144      3608524      5357875    #2017
        3257E-04   #   2446744     16729875      1184777    #2018
        2628E-04   #   5834286       912460      2088100    #2019
        2880E-04   #  15076130      1435231       429231    #2020
        1212E-04   #   4078475      1986498       296317    #2021
         253E-04   #    925123       155874       195054    #2022
###    NOP   #####################################################
##  NOP   fleet; 1    EGFSQ3  age  0 - 1  timing: 0 1 ,  1992 - 2023 
1e-04         2975         6116    #1992
1e-04         3706         3582    #1993
1e-04         9487         1148    #1994
1e-04         5478         8374    #1995
1e-04         8241         1326    #1996
1e-04          441         6295    #1997
1e-04         1391          377    #1998
1e-04        10985         1175    #1999
1e-04         2267         9730    #2000
1e-04         2243         1434    #2001
1e-04         4939         1137    #2002
1e-04          323          572    #2003
1e-04          278          557    #2004
1e-04         3395          414    #2005
1e-04         1813         1996    #2006
1e-04         1610         1181    #2007
1e-04          628         1340    #2008
1e-04         4871         3500    #2009
1e-04          103         4257    #2010
1e-04          290          555    #2011
1e-04         3946          505    #2012
1e-04          498         2592    #2013
1e-04        10157          483    #2014
1e-04         1415         4320    #2015
1e-04         7199         1710    #2016
1e-04         1280         5061    #2017
1e-04         5096          586    #2018
1e-04         4286         1308    #2019
1e-04         3126         5343    #2020
1e-04          428         2868    #2021
1e-04         6770          952    #2022
##  NOP   fleet; 2    IBTSQ1  age  1 - 3  timing: 0 1 ,  1984 - 2023 
1e-04         5000          956           89    #1984
1e-04         2342         1401           98    #1985
1e-04         2066          386           19    #1986
1e-04         3171          475           63    #1987
1e-04          123          710           25    #1988
1e-04         2017          254          170    #1989
1e-04         1295          712           70    #1990
1e-04         2428          693          157    #1991
1e-04         5060          860           33    #1992
1e-04         2574         2643          346    #1993
1e-04         1532          374           99    #1994
1e-04         5951          757           85    #1995
1e-04          915         2626          233    #1996
1e-04         9633         1557          674    #1997
1e-04         1009         5332          268    #1998
1e-04         3522          601          668    #1999
1e-04         8034         1563           98    #2000
1e-04         1306         2805          288    #2001
1e-04         1784          812          864    #2002
1e-04         1241          573           94    #2003
1e-04          903          364           37    #2004
1e-04          698          123           38    #2005
1e-04         3400          113           23    #2006
1e-04         1287          769           31    #2007
1e-04         2438          461          154    #2008
1e-04         5553         1582          123    #2009
1e-04         4954         1439          143    #2010
1e-04          545         2126          347    #2011
1e-04         1002          327          527    #2012
1e-04         4469          508          102    #2013
1e-04          818          936           48    #2014
1e-04         6638          570          130    #2015
1e-04         2404          909           41    #2016
1e-04         4332          421          173    #2017
1e-04         1139          850          147    #2018
1e-04         3892          303           55    #2019
1e-04         6078         1121           83    #2020
1e-04         3823         1535          165    #2021
1e-04         1599          801          160    #2022
1e-04         2519          286           65    #2023
##  NOP   fleet; 3    IBTSQ3  age  2 - 3  timing: 0 1 ,  1991 - 2022 
1e-04          486            6    #1991
1e-04          740          151    #1992
1e-04          921           92    #1993
1e-04          114           21    #1994
1e-04          860          134    #1995
1e-04          419           41    #1996
1e-04          345           76    #1997
1e-04          745           23    #1998
1e-04          230          106    #1999
1e-04          590           14    #2000
1e-04          938           57    #2001
1e-04           76           52    #2002
1e-04          193            8    #2003
1e-04          209           14    #2004
1e-04          104           18    #2005
1e-04          197           14    #2006
1e-04          430           40    #2007
1e-04          267           98    #2008
1e-04          358           14    #2009
1e-04          812           37    #2010
1e-04         1114           64    #2011
1e-04          217          139    #2012
1e-04          186           18    #2013
1e-04          253           13    #2014
1e-04          191           47    #2015
1e-04          279           14    #2016
1e-04          158           25    #2017
1e-04          201            7    #2018
1e-04          134           19    #2019
1e-04          611           10    #2020
1e-04          296           48    #2021
1e-04          284           40    #2022
##  NOP   fleet; 4    SGFSQ3  age  0 - 1  timing: 0 1 ,  1998 - 2023 
1e-04         2628          938    #1998
1e-04         3603         1784    #1999
1e-04         2094         6656    #2000
1e-04          759          727    #2001
1e-04         2559         1192    #2002
1e-04         1767          779    #2003
1e-04          731          719    #2004
1e-04         3073          343    #2005
1e-04         1127         1285    #2006
1e-04         5003         1023    #2007
1e-04         3456         1263    #2008
1e-04         5835         1750    #2009
1e-04         1449         5101    #2010
1e-04         1895          226    #2011
1e-04        10067         1070    #2012
1e-04         1754         2888    #2013
1e-04        24896          537    #2014
1e-04        10208         6568    #2015
1e-04        14830         1696    #2016
1e-04         7478         1906    #2017
1e-04        20632          674    #2018
1e-04        17856         3888    #2019
1e-04        36298         3417    #2020
1e-04        13785         2870    #2021
1e-04        12218         2580    #2022
###    SPR   #####################################################
##  SPR   fleet; 1    Acoustic  age  1 - 3  timing: 0 1 ,  2006 - 2022 
1e-04        21923        21368         1413    #2006
1e-04        42862         5837         2252    #2007
1e-04        17188         7868          840    #2008
1e-04        47690        16920         2815    #2009
1e-04        20328        14087         1174    #2010
1e-04        26581        14207         3412    #2011
1e-04        22036        12831         4693    #2012
1e-04         9346         6342         2049    #2013
1e-04        59020        20274         3982    #2014
1e-04        27082        22676        10142    #2015
1e-04        58604        33989         8160    #2016
1e-04        38135         3664         1465    #2017
1e-04       109180        10113          779    #2018
1e-04        93775        28020         5275    #2019
1e-04        38415        17993         2055    #2020
1e-04        46918         7051         1509    #2021
1e-04        60224        16200         2882    #2022
##  SPR   fleet; 2    IBTS_Q1  age  1 - 3  timing: 0 1 ,  1983 - 2023 
1e-04         2526         5513         5742       #   471    #1983
1e-04         6192         5537         1002       #   257    #1984
1e-04         3746         2924          751       #   193    #1985
1e-04         1163         1373          393       #   100    #1986
1e-04         5033          861          251       #    98    #1987
1e-04         2487         7899          771       #   151    #1988
1e-04         7450         1549         1149       #   113    #1989
1e-04         3601         1859          476       #   212    #1990
1e-04        14122         1763          334       #    76    #1991
1e-04        18821         2815          370       #    96    #1992
1e-04        18632        12249         1032       #   107    #1993
1e-04        11953         8873         1320       #    83    #1994
1e-04        22589        22571         2634       #   104    #1995
1e-04         6047         9670         1997       #   283    #1996
1e-04         5993         2701         1681       #   275    #1997
1e-04        10729        11041         1808       #   161    #1998
1e-04        51834         5837          738       #    53    #1999
1e-04        20174        11644         1504       #   250    #2000
1e-04        19979        13091         2391       #   140    #2001
1e-04        11920         9690          877       #   104    #2002
1e-04        24931         5894          664       #    55    #2003
1e-04        40844         6853         1066       #    91    #2004
1e-04        89183         6755          291       #    27    #2005
1e-04        12304        14170          587       #    77    #2006
1e-04        19178        10356         1629       #   125    #2007
1e-04        15270         8031          474       #    85    #2008
1e-04        41336         3120          340       #    38    #2009
1e-04        32883        24897         1187       #   176    #2010
1e-04        10783         9262         2062       #   476    #2011
1e-04        33566        31433         2451       #   367    #2012
1e-04        11378        11168         2032       #   293    #2013
1e-04        38866         4436          507       #    99    #2014
1e-04        77272        34607         3171       #   267    #2015
1e-04        21123        34099         6758       #   378    #2016
1e-04       103171        17074         1280       #   151    #2017
1e-04       104409        15475          946       #   114    #2018
1e-04        60972        25120         2261       #    96    #2019
1e-04        73162        22193         4215       #   400    #2020
1e-04        33082        19779         1968       #   167    #2021
1e-04        18105         7693          577       #    65    #2022
1e-04        84401        17105          939       #    76    #2023
##  SPR   fleet; 4    IBTS_Q3  age  1 - 3  timing: 0 1 ,  1992 - 2022 
1e-04        14556         2633          105    #1992
1e-04         5768         3015          218    #1993
1e-04        16469         1326           95    #1994
1e-04        30623         7433          455    #1995
1e-04         2317         2220          216    #1996
1e-04        13081         1172          200    #1997
1e-04         2676         1108          118    #1998
1e-04        13793         1720           83    #1999
1e-04         8213         3229          134    #2000
1e-04         8998         2277          187    #2001
1e-04        10011         1319          102    #2002
1e-04        11610         1273           66    #2003
1e-04        14371         1945          123    #2004
1e-04        52835         2266          102    #2005
1e-04         9341         5459          155    #2006
1e-04        10550         1552          185    #2007
1e-04         7894         2085          131    #2008
1e-04        35253         3033          338    #2009
1e-04        35356         9423          428    #2010
1e-04        16742         8341         1192    #2011
1e-04        11470         5231          576    #2012
1e-04         9052         3060          415    #2013
1e-04        63182         3574          216    #2014
1e-04        59776        18620          654    #2015
1e-04        27891         4267          482    #2016
1e-04        27755         2886          173    #2017
1e-04        18710         3124          201    #2018
1e-04        40211         8469          521    #2019
1e-04        53930        16906         1480    #2020
1e-04        21858         5602          520    #2021
1e-04        29786         3580          464    #2022
#
###    PLE   #####################################################
##  PLE   fleet; 1    BTS-Isis-early  age  1 - 9  timing: 0.66 0.75 ,  1985 - 1995 
1e-04      136.759      173.893       36.059       10.997        1.273        0.973        0.336        0.155        0.091    #1985
1e-04      667.441      131.704       50.173        9.208        3.780        0.400        0.418        0.147        0.070    #1986
1e-04      225.822      764.186       33.841        4.880        1.842        0.607        0.252        0.134        0.078    #1987
1e-04      680.173      146.993      182.312        9.991        2.810        0.814        0.458        0.036        0.112    #1988
1e-04      467.877      319.272       38.660       47.305        5.850        0.833        0.311        0.661        0.132    #1989
1e-04      185.344      146.071       79.339       26.351        5.469        0.758        0.189        0.383        0.239    #1990
1e-04      291.378      159.424       33.955       13.569        4.313        5.659        0.239        0.204        0.092    #1991
1e-04      360.890      174.526       29.253        5.961        3.748        2.871        1.186        0.346        0.050    #1992
1e-04      188.988      283.400       62.783        8.272        1.128        1.130        0.584        0.464        0.155    #1993
1e-04      193.260       77.139       34.458       10.586        2.667        0.600        0.800        0.895        0.373    #1994
1e-04      265.634       40.618       13.218        7.527        1.110        0.806        0.330        1.051        0.202    #1995
##  PLE   fleet; 2    BTS_IBTSQ3  age  1 - 9  timing: 0.6347524 0.6347524 ,  1996 - 2022 
0.01    22803.363    22337.357     6840.245     3203.198     3396.183     2082.164      907.773      579.303      314.251      494.085    #1996
0.01    79517.670    37437.937    10596.239     3660.524     2835.502     1888.614     1040.312      873.949      340.956      401.244    #1997
0.01    43901.906    75349.651    14036.314     5841.492     2185.542     1501.003      986.692      749.953      418.065      429.875    #1998
0.01    31915.711    25608.135    41465.381     6264.486     2860.011     1226.761      617.555      555.525      418.475      327.182    #1999
0.01    38228.984    18367.676    15077.168    17065.194     2312.505     1093.985      597.975      502.344      197.087      345.273    #2000
0.01    26853.393    23531.488    11697.640     7353.908     8403.420     1564.927      694.032      556.041      422.063      845.583    #2001
0.01   144818.616    25470.665    14451.797     7842.940     4324.104     3091.431      809.708      699.092      357.643      683.058    #2002
0.01    31292.889    48111.999    12036.973     7048.318     3402.455     2150.764     2132.623      544.547      482.504      944.786    #2003
0.01    45383.305    19000.179    31074.344     6348.423     3829.210     2343.219     1565.380     1722.916      399.205     1124.059    #2004
0.01    39701.389    40492.124    10283.880    16169.225     2815.253     3071.492     1780.115      796.037     1452.888     1416.102    #2005
0.01    38121.889    25521.687    22831.014     6503.839     8271.281     2520.085     2472.559     1001.233      589.581     1977.644    #2006
0.01    79443.893    36903.424    23944.384    19689.475     5650.900     7712.588     2021.266     2345.090      740.689     3365.706    #2007
0.01    83765.491    76525.647    30237.725    19638.853    13087.235     4192.055     5007.305     1650.673     1566.885     3128.281    #2008
0.01    55015.766    39672.380    46455.262    16745.832    10319.808     6949.277     2848.485     4287.329     1058.708     3999.124    #2009
0.01    74536.905    37938.738    31941.000    28105.323     9177.750     5677.954     5800.737     2413.296     2577.388     5072.537    #2010
0.01   112633.709    62119.050    40068.522    24631.358    16537.559     5955.099     3947.164     4589.675     1217.770     6407.990    #2011
0.01    44322.052    84406.702    66248.620    32958.121    17813.681    11660.276     5057.783     3927.840     3950.476     6369.356    #2012
0.01    56923.200    58070.421    69354.706    40137.496    17353.992     9914.510     7181.054     3176.837     2109.548     7462.688    #2013
0.01    97807.628    71430.827    48290.752    40136.214    17701.161     7914.392     5046.259     3587.963     2254.569     6459.265    #2014
0.01    30881.054    67761.363    57671.036    36392.642    26084.458    12290.180     5787.572     3807.117     3279.762     8507.080    #2015
0.01    43153.850    39700.642    55966.011    37178.473    18244.495    12568.667     7483.004     4222.899     3135.153     8488.881    #2016
0.01    81343.294    50633.999    27297.403    30915.071    17293.244     9484.635     6152.236     4207.395     2157.361     6579.195    #2017
0.01    42933.825    63996.111    33034.645    18986.303    17577.403     9636.235     6425.547     3981.725     3171.455     7240.446    #2018
0.01   159239.382    51810.973    39110.641    15670.235     9427.145     7444.070     5245.672     3967.450     2258.905     5175.444    #2019
0.01    76397.524    88620.514    35522.796    25463.141     9988.307     6071.226     5099.090     4069.209     2294.508     5238.798    #2020
0.01    71038.604    61171.787    64329.846    26737.397    16247.420     6923.314     4294.317     4064.778     2492.202     6062.830    #2021
0.01   135038.121    42189.273    32433.273    28110.912    11118.663     8613.161     5081.755     3132.384     2535.298     7188.862    #2022
##  PLE   fleet; 3    IBTSQ1  age  1 - 8  timing: 0.09215438 0.09215438 ,  2007 - 2022 
0.01      2129.09      5498.92      6194.77      7031.24      2544.74      1317.10       762.82       616.07    #2007
0.01      2202.35     11916.95      8924.89      4234.17      3217.12       889.40       876.87       602.88    #2008
0.01      2930.93      8667.01     15469.41      5174.96      2766.57      1117.19       604.22       844.33    #2009
0.01      1097.67      5508.70      8726.68      8499.10      4181.77      1422.42       988.99       915.07    #2010
0.01      1216.29      6627.04      7746.24      8090.43      6518.62      2266.76      1203.30      1320.30    #2011
0.01      1925.60     14808.74     19701.66      8953.40      6439.35      4196.37      1743.68      2491.52    #2012
0.01      1523.69      6047.01     12022.02      8045.11      3918.90      2251.20      1225.25      1077.09    #2013
0.01      2545.70      8762.85     11008.07     11032.85      6130.01      2187.36      1359.25      1512.73    #2014
0.01       635.41      8913.33     11568.52      9785.64      7120.66      3350.98      1498.03      1638.11    #2015
0.01      1360.49      4312.64      9455.88      8061.48      5824.51      2837.42      1671.89      2271.59    #2016
0.01      2188.97      7891.07      5430.76      9064.92      6268.44      3889.18      1967.05      2766.97    #2017
0.01       773.59      6607.52      7572.28      3076.05      3982.44      2371.58      1694.04      3135.22    #2018
0.01      4245.46      4432.02      7547.34      3906.31      2310.03      1714.24      1541.80      2881.15    #2019
0.01      2006.10      9092.55      4912.21      4239.56      2160.58      1565.24      1264.32      2014.78    #2020
0.01      1266.45      7889.38     12258.20      5193.12      3271.83      1666.96       940.39      2374.62    #2021
0.01      9955.83      8423.73      8160.08     11450.11      3524.27      2188.12      1374.25      2614.06    #2022
##  PLE   fleet; 4    SNS1  age  1 - 7  timing: 0.66 0.75 ,  1970 - 1999 
0.001     15366.00     16509.00      1129.00       160.00        82.00         7.00         7.00    #1974
0.001     11628.00      8168.00      9556.00        65.00        15.00         0.00         0.00    #1975
0.001      8537.00      2403.00       868.00       236.00         0.00         2.30         0.00    #1976
0.001     18537.00      3424.00      1737.00       590.00       213.00         0.00         6.70    #1977
0.001     14012.00     12678.00       345.00       135.00        45.00        13.60         0.00    #1978
0.001     21495.00      9829.00      1575.00       161.00        17.00        42.20         6.70    #1979
0.001     59174.00     12882.00       491.00       180.00        24.00         7.80         0.00    #1980
0.001     24756.00     18785.00       834.00        38.00        32.00         4.70         0.00    #1981
0.001     69993.00      8642.00      1261.00        88.00         8.00         8.70         3.90    #1982
0.001     33974.00     13909.00       249.00        71.00         6.00         1.30         0.00    #1983
0.001     44965.00     10413.00      2467.00        42.00         0.00         0.00         8.00    #1984
0.001     28101.00     13848.00      1598.00       328.00        17.00         1.50         0.00    #1985
0.001     93552.00      7580.00      1152.00       145.00        30.00         6.60         8.40    #1986
0.001     33402.00     32991.00      1227.00       200.00        30.00        16.70         0.00    #1987
0.001     36609.00     14421.00     13153.00      1350.00        88.00        12.10         9.20    #1988
0.001     34276.00     17810.00      4373.00      7126.00       289.00       113.60        12.50    #1989
0.001     25037.00      7496.00      3160.00       816.00       422.00        48.80         0.00    #1990
0.001     57221.00     11247.00      1518.00      1077.00       128.00        74.40         6.00    #1991
0.001     46798.00     13842.00      2268.00       613.00       176.00        52.00        34.80    #1992
0.001     22098.00      9686.00      1006.00        98.00        60.00        58.80         2.50    #1993
0.001     19188.00      4977.00       856.00        76.00        23.00         2.70         0.00    #1994
0.001     24767.00      2796.00       381.00        97.00        38.00         0.00         4.00    #1995
0.001     23015.00     10268.00      1185.00        45.00        47.00         0.00         0.00    #1996
0.001     95901.00      4473.00       497.00        32.00         0.00        13.30         6.70    #1997
0.001     33666.00     30242.00      5014.00        50.00        10.00         0.00         0.00    #1998
0.001     32951.00     10272.00     13783.00      1058.00        17.00         0.00         0.00    #1999
##  PLE   fleet; 5    SNS2  age  1 - 7  timing: 0.66 0.75 ,  2000 - 2022 
0.001    22855.000     2493.000      891.000      983.000       17.000        2.000        2.000    #2000
0.001    11511.000     2898.000      370.000      176.000      691.000      105.800        0.000    #2001
0.001    30809.000     1103.000      265.000       65.000       69.000       30.700        0.000    #2002
0.001           -1           -1           -1           -1           -1           -1           -1    #2003
0.001    18202.000     1350.000     1081.000       51.000       27.000       29.700        5.300    #2004
0.001    10118.000     1819.000      142.000      366.000        8.000       19.000        0.000    #2005
0.001    12164.000     1571.000      385.000       52.000       54.000        0.000       16.700    #2006
0.001    14175.000     2134.000      140.000       52.000        0.000        7.400        0.000    #2007
0.001    14706.000     2700.000      464.000      179.000       34.000        6.700        6.700    #2008
0.001    14860.000     2019.000      492.000       38.000       20.000        0.000       16.700    #2009
0.001    11947.000     1812.000      529.000       55.000       10.000        0.000        0.000    #2010
0.001    18349.000     1143.000      308.000       75.000       60.000       28.000        0.000    #2011
0.001     5893.000     2929.000      682.000       82.000       30.000       15.000        0.000    #2012
0.001    15395.000     3021.000     1638.000      428.000       89.000       31.100       20.000    #2013
0.001    17313.000     2258.000      514.000      458.000       58.000       16.400        0.000    #2014
0.001    16727.000     5040.000     1882.000      478.000      200.000       97.500      117.500    #2015
0.001    10385.000     2434.000     1086.000      522.000      223.000      131.700       25.700    #2016
0.001    15935.900     1715.500     1211.700      534.100      144.200       70.600       20.000    #2017
0.001     9464.900     5250.000      993.100      533.000      489.000       88.400       16.700    #2018
0.001    28308.600     1885.600     1533.300      337.900      195.700       61.900        0.000    #2019
0.001    11392.800     3931.400      282.700      607.200      118.100        5.000      272.900    #2020
0.001     6014.390     1290.380     1134.800      249.180      230.900      142.900       11.730    #2021
0.001    23731.800     1279.100      769.500      586.000       12.500      119.500       74.700    #2022
##  PLE   fleet; 6    DYFS  age  0 - 0  timing: 0.66 0.75 ,  1990 - 2022 
1e-04       439.59    #1990
1e-04       332.36    #1991
1e-04       180.31    #1992
1e-04       216.99    #1993
1e-04       283.44    #1994
1e-04       146.08    #1995
1e-04       619.61    #1996
1e-04       229.24    #1997
1e-04           -1    #1998
1e-04           -1    #1999
1e-04       124.93    #2000
1e-04       313.18    #2001
1e-04       122.91    #2002
1e-04       238.63    #2003
1e-04       126.74    #2004
1e-04        85.88    #2005
1e-04       167.99    #2006
1e-04        98.25    #2007
1e-04       129.71    #2008
1e-04       141.87    #2009
1e-04       179.61    #2010
1e-04        92.96    #2011
1e-04       181.12    #2012
1e-04       168.48    #2013
1e-04       107.99    #2014
1e-04       100.16    #2015
1e-04        78.05    #2016
1e-04       127.20    #2017
1e-04       219.34    #2018
1e-04       200.20    #2019
1e-04        93.83    #2020
1e-04       502.30    #2021
1e-04       220.65    #2022
###    SOL   #####################################################
##  SOL   fleet; 1    BTS   age  1 - 9  timing: 0.5712329 0.7406393 ,  1985 - 2022 
0.001     1065.716      696.789      632.353      346.346      164.743       76.425        0.000        0.000       20.770       41.316    #1985
0.001     2903.912     1462.637      549.983      350.918      245.386       91.226       51.753        0.000       24.865       63.071    #1986
0.001      689.298     2404.100      541.492      186.187      170.010       99.389      156.809       42.016       36.213       42.288    #1987
0.001     9591.371     1424.439     1262.633      355.196      140.357      125.261      101.600       65.477       29.204       47.766    #1988
0.001     2473.793     9026.886      829.288      793.155      125.843       70.317       64.052       22.745        6.013       59.083    #1989
0.001     2982.535     3232.576     6092.109      445.538      271.034      145.429       48.257       37.255       23.907       33.281    #1990
0.001     1405.841     4027.943     1673.864     2253.356      128.472       72.827       37.508       38.236       28.711       62.774    #1991
0.001    10644.710     2126.095     2431.331      509.397      825.147       16.567       48.137       11.851        6.790       15.163    #1992
0.001     3232.251     7707.506      435.995     1267.294      523.052      897.425       38.950       57.329       18.446       78.348    #1993
0.001     2544.254     2343.488     5488.709       71.301      327.442       54.192      289.996       47.482       11.138       87.072    #1994
0.001     5107.513     2102.203     1549.636     1706.515      180.885      239.913       71.010      134.812       22.336       42.362    #1995
0.001     1263.984     2294.061      432.393      396.080      663.883       85.654       96.645       16.288       59.378       29.171    #1996
0.001    12709.660      949.195      742.717      180.856      208.362      141.336       22.464       14.575       13.148       18.119    #1997
0.001     1754.363     4665.031      184.613      259.504       61.837       57.097       96.228        5.499       13.920       31.460    #1998
0.001     1481.393     1505.048     1891.764       56.996      128.106       22.547       15.876       67.432       10.176       37.835    #1999
0.001     2041.269      794.944      619.863      345.116       59.280       21.582       12.993        2.288       25.658       15.646    #2000
0.001     1361.460     1338.508      417.619      444.350      218.101       27.622        3.121        9.719        9.371       35.831    #2001
0.001     2262.128      553.196      503.949      191.192       87.051       96.770       16.605       13.196        6.457       20.076    #2002
0.001     2125.758     1235.673      340.700      232.173       69.759       50.854       53.468        4.670        4.995        9.385    #2003
0.001      685.227      857.727      744.224      164.163      138.583       39.265       21.696       14.615        1.220       18.808    #2004
0.001     1313.691      751.368      443.285      324.052       75.167       59.382       35.188        9.638        8.341       17.065    #2005
0.001     3292.354      621.455      170.502      291.142      157.113       37.524       49.491       13.129        9.583        8.317    #2006
0.001     1505.260     2443.666      275.578      111.063      127.749      119.808       26.721       24.319       12.936       15.243    #2007
0.001     1923.735     1071.414     1188.310      210.063       62.665       65.606       86.119       11.939       23.778       16.792    #2008
0.001     2446.706      985.347      500.975      699.151       91.167       28.782       55.924       45.343       12.308       30.766    #2009
0.001     2588.222     1122.115      379.326      208.422      201.652       71.079       18.292       17.164       18.424       27.001    #2010
0.001     2327.084     2277.725      584.894      204.752      170.057      161.689       25.700       12.462       18.999       26.483    #2011
0.001     1019.906     3288.190     1268.686      301.044      148.117       85.361       46.636       18.269        6.300       22.426    #2012
0.001     1261.254      762.606     1771.518      492.171      150.636       34.955       38.762       32.313        6.698       21.860    #2013
0.001     2671.926     1889.202      423.327      812.131      360.727       81.879       26.943       29.766       19.358        6.878    #2014
0.001     2591.472     2164.643     1170.853      326.720      602.381      196.792       89.136       22.038       18.224       28.957    #2015
0.001     1214.200     1753.574     1190.015      612.686      185.035      315.772       90.930       20.546        2.508       30.461    #2016
0.001     5318.958     1189.707     1091.748      559.508      240.329       78.528      106.338       49.297        2.209       16.273    #2017
0.001     2839.348     1900.085      529.694      527.664      177.143      117.412       40.523       61.236        6.548        5.237    #2018
0.001    11960.418     1524.683     1032.931      284.858      216.260       70.914       61.413       19.406       22.248        9.820    #2019
0.001     1427.102     4807.051      958.158      480.706      119.352      114.450       46.550       21.545       11.917       23.906    #2020
0.001     1949.609      628.568     1507.839      341.173      186.080       48.163       37.177        7.248        7.031       23.247    #2021
0.001     2979.970      944.711      314.955      642.312      176.656       97.892       18.507       14.574        4.966       10.220    #2022
##  SOL   fleet; 2    SNS   age  1 - 6  timing: 0.66 0.75 ,  1970 - 2022 
0.01       2347.9        361.4         65.2          0.0          0.0          4.4    #1974
0.01        525.4        864.5        177.0         17.5          0.0         17.1    #1975
0.01       1399.4         73.6        229.1         26.7          5.7          0.0    #1976
0.01       3742.9        776.1        103.8         43.1         31.7          3.9    #1977
0.01       1547.7       1354.7        294.1         28.0         99.4         13.3    #1978
0.01         93.8        408.3        300.8         76.9          0.0         16.7    #1979
0.01       4312.9         88.9        109.3         61.3          3.3          0.0    #1980
0.01       3737.2       1413.1         50.0         20.0          0.0          0.0    #1981
0.01       5856.5       1146.2        227.8          6.7         10.0          0.0    #1982
0.01       2621.1       1123.3        120.6         39.9          0.0         19.7    #1983
0.01       2493.1       1099.9        318.3         74.4          8.0          0.0    #1984
0.01       3619.4        715.6        167.1         49.3          4.4          0.0    #1985
0.01       3705.1        457.6         69.2         31.4         16.7          0.0    #1986
0.01       1947.9        943.7         64.8         21.3          0.0          0.0    #1987
0.01      11226.7        593.8        281.6         81.5         10.2         15.5    #1988
0.01       2830.7       5005.0        207.6         53.1         18.2         18.6    #1989
0.01       2856.2       1119.5        914.3        100.4         49.6         12.5    #1990
0.01       1253.6       2529.1        513.8        623.9         27.2         35.8    #1991
0.01      11114.0        144.4        360.4        194.9        284.8         20.0    #1992
0.01       1290.8       3419.6        153.8        212.8          0.0        191.7    #1993
0.01        651.8        498.3        934.1         10.2         59.3          0.0    #1994
0.01       1362.1        223.7        142.8        411.1          7.1         31.1    #1995
0.01        218.4        349.1         29.6         35.5         90.0         10.0    #1996
0.01      10279.3        153.6        189.8         26.5         58.1        230.0    #1997
0.01       4094.6       3126.4        141.7         98.7          0.0         10.0    #1998
0.01       1648.9        971.8        455.6         10.0         20.7          0.0    #1999
0.01       1639.2        125.9        166.3        118.0          0.0          2.0    #2000
0.01        970.3        655.4        106.7         35.5         56.2          0.0    #2001
0.01       7547.5        379.0        195.3          0.0         30.8         19.2    #2002
0.01           -1           -1           -1           -1           -1           -1    #2003
0.01       1369.5        624.4        393.0         68.9         53.1          7.5    #2004
0.01        568.1        162.9        124.0          0.0         21.3          6.7    #2005
0.01       2726.4        117.1         25.0         30.0          0.0          0.0    #2006
0.01        848.6        911.0         33.3         39.5         14.4          0.0    #2007
0.01       1259.1        258.5        325.3          0.0         10.0          0.0    #2008
0.01       1931.6        344.4         61.7        102.7          0.0          0.0    #2009
0.01       2636.9        237.1         67.1         42.2         23.2          0.0    #2010
0.01       1248.0        883.9        211.3        111.8          0.0         38.0    #2011
0.01        226.6        159.5         54.0         18.0          0.0          0.0    #2012
0.01        967.4        426.6        490.5        179.3         50.8          7.6    #2013
0.01       2849.0        448.2         44.8         60.0         33.6          0.0    #2014
0.01       3192.0       2333.9        137.8        159.9        162.4        150.6    #2015
0.01        733.8        623.3        494.6        109.8         16.7         42.9    #2016
0.01        956.7        204.3        209.6        209.7         41.6          5.2    #2017
0.01       1002.3        482.4        163.1         94.1         82.4          5.7    #2018
0.01       7896.7        476.3        375.2         60.7          6.7         50.9    #2019
0.01        294.7       2023.2        105.1        137.9         48.4          0.0    #2020
0.01        210.6         87.7        365.4         44.8          3.6          0.0    #2021
0.01        817.0        400.8          0.0        223.5          0.0          0.0    #2022
-999 # checksum
