#1974 75 76 77 78 79 80 81 82 83 84 85 86 87 88 89 90 91 92 93 94 95 96 97 98 99 2000 01 02 03 04 05 06 07 08 09 10 11 12 13 14 15 16 17  18 19 20 21 22
    0  0  0  0  0  0  0  0  0  0  0  0  0  0  1  1  1  1  1  1  1  1  1  1  1  1   1  1  1  1  1  1  1  1  1  1  1  1  1  1  1  1  1  1   1  1  1  1  1 #  Cod 
    0  0  0  0  0  0  0  0  1  1  1  1  1  1  1  1  1  1  1  1  1  1  1  1  1  1   1  1  1  1  1  1  1  1  1  1  1  1  1  1  1  1  1  1   1  1  1  1  1 #  Whiting 
    0  0  0  0  0  0  0  0  0  0  0  0  0  0  1  1  1  1  1  1  1  1  1  1  1  1   1  1  1  1  1  1  1  1  1  1  1  1  1  1  1  1  1  1   1  1  1  1  1 #  Haddock 
    1  1  1  1  1  1  1  1  1  1  1  1  1  1  1  1  1  1  1  1  1  1  1  1  1  1   1  1  1  1  1  1  1  1  1  1  1  1  1  1  1  1  1  1   1  1  1  1  1 #  Saithe 
    1  1  1  1  1  1  1  1  1  1  1  1  1  1  1  1  1  1  1  1  1  1  1  1  1  1   1  1  1  1  1  1  1  1  1  1  1  1  1  1  1  1  1  1   1  1  1  1  1 #  Mackerel 
    1  1  1  1  1  1  1  1  1  1  1  1  1  1  1  1  1  1  1  1  1  1  1  1  1  1   1  1  1  1  1  1  1  1  1  1  1  1  1  1  1  1  1  1   1  1  1  1  1 #  Herring 
    1  1  1  1  1  1  1  1  1  1  1  1  1  1  1  1  1  1  1  1  1  1  1  1  1  1   1  1  1  1  1  1  1  1  1  1  1  1  1  1  1  1  1  1   1  1  1  1  1 #  N Sandeel 
    1  1  1  1  1  1  1  1  1  1  1  1  1  1  1  1  1  1  1  1  1  1  1  1  1  1   1  1  1  1  1  1  1  1  1  1  1  1  1  1  1  1  1  1   1  1  1  1  1 #  S Sandeel 
    0  0  0  0  0  0  0  0  0  0  1  1  1  1  1  1  1  1  1  1  1  1  1  1  1  1   1  1  1  1  1  1  1  1  1  1  1  1  1  1  1  1  1  1   1  1  1  1  1 #  Nor. pout 
    1  1  1  1  1  1  1  1  1  1  1  1  1  1  1  1  1  1  1  1  1  1  1  1  1  1   1  1  1  1  1  1  1  1  1  1  1  1  1  1  1  1  1  1   1  1  1  1  1 #  Sprat 
    1  1  1  1  1  1  1  1  1  1  1  1  1  1  1  1  1  1  1  1  1  1  1  1  1  1   1  1  1  1  1  1  1  1  1  1  1  1  1  1  1  1  1  1   1  1  1  1  1 #  Plaice 
    1  1  1  1  1  1  1  1  1  1  1  1  1  1  1  1  1  1  1  1  1  1  1  1  1  1   1  1  1  1  1  1  1  1  1  1  1  1  1  1  1  1  1  1   1  1  1  1  1 #  Sole 
#####
-999 # check value
